bins	HOT_224_25M	HOT_225_25M	HOT_226_25M	HOT_227_25M	HOT_229_25M	HOT_231_25M	HOT_232_25M	HOT_233_25M	HOT_234_25M	HOT_236_25M	HOT_237_25M	HOT_238_25M	KFe386HP	KFe387AR	KFe389R8	KFe393NT	KFe395NB	KFe416ST	KMa156HP	KMa157AR	KMa158CB	KMa159R8	KMa160SB	KMa161R2	KMa162ST	KMa163NT	KMa164NR	KMa165NB	KOc290HP	KOc291AR	KOc293R8	KOc297NT	KOc299NB	KOc321ST	KSe054HP	KSe055AR	KSe056CB	KSe057R8	KSe058SB	KSe059R2	KSe060ST	KSe061NT	KSe062NR	KSe063NB
AS9601	226.46452761614668	112.76727585213825	75.06090064853149	81.57878062588458	202.59785858962752	177.61277615411504	250.0503943185931	193.31395424232215	190.9180538045939	124.53780167356835	167.3472964649333	145.85442819771856	6.586931242389547e-05	0.0	0.2584445378138913	19.87644117416364	0.889794657000133	25.506845286056514	0.3073703359615551	0.8777149706632253	0.34859347257531054	0.3365203401512329	0.05120547777425215	4.248552319184052	20.005194391456957	26.43387479409536	5.4274713503707375	1.2473999224534098	1.7963413098960042e-05	0.0002155835787592686	0.0	4.980682045131095	0.0	6.9553435767054	0.0	0.0	0.0	0.011936637315124725	0.0	11.612571341386191	24.55126908491731	14.249346671657625	0.0	0.0
BL107	0.0	0.0	0.0	0.0	0.0	0.0	0.0	0.0	0.0	0.0	0.0	0.0	0.0	0.0	0.0	0.0	0.0	0.0	0.0	0.0	0.0	0.0	0.0001268935334893196	0.0	0.0	0.0	0.0	0.0	0.0006055884494800633	0.0004760695325392405	0.0006563458628757911	0.0	0.0	0.0	0.0	0.0	0.00029141756311685125	0.0017730089575818035	0.0	0.0	0.0	0.0	0.0	0.0
CB0101	0.0	0.0	0.0	0.0	0.0	0.0	0.0	0.0	0.0	0.0	0.0	0.0	0.0	0.0	0.0	0.0	0.0	0.0	0.005070837015281186	0.006849395015258105	0.0021127745146432898	0.0039609958568398145	0.0071368947807335424	0.0	0.0	0.0	0.00016776316143225293	0.007316927908812887	0.05847155602749052	0.06462404130367272	0.03761744115504774	0.02057627383968757	0.032742314933941766	0.015883267179814173	0.018734657230235777	0.017029064058678683	0.02246417404418803	0.05514536167925796	0.016636198526580295	0.013570724369972774	0.0	0.0	0.01555363009739046	0.028089691643622586
CC9311	0.0	0.0	0.0	0.0	0.0	0.0	0.0	0.0	0.0	0.0	0.0	0.0	0.0	0.0	0.0	0.0	0.0	0.0	0.0	0.0	0.0	0.0	0.0	0.0	0.0	0.0	0.0	0.0	0.0	0.0	0.0	0.0	0.0	0.0	0.0	0.0	0.0	0.0	0.0	0.0	0.0	0.0	0.0	0.0
CC9605	0.7638344893104579	0.11126065946783156	0.3325437734436272	0.32751575062234856	5.822942822971983	1.2117595772176237	3.9081069146489327	1.2108453778401866	1.0668830291653129	1.107203500777671	3.0613504965984784	12.835858642959003	0.6181245001980363	0.9432924789352686	1.9719649433516087	5.730476819837654	2.4257938025897285	3.836533895834771	3.4949393145626235	6.941775145319049	3.319748631310639	2.6738852949118574	3.3148970186938826	2.3449170527069185	6.7044288648039165	3.8841375736917088	3.4866792411620713	5.574746775441332	2.6601783882152423	4.036215456106201	2.193032262040237	2.7180320435467267	2.037514412029758	3.364819095151876	1.3218123083528324	1.000451127910091	2.177998282752366	5.434299047472717	1.604241757216788	5.910389524360427	2.1781784815203085	1.372537530111339	1.0222197961506618	1.2948897043979306
CC9616	0.0	0.0	0.0	0.0	0.005922744800698316	0.0	5.366518330998592e-05	0.0	0.0	0.0	0.0	0.00029855982264006257	0.0	0.0	0.0	0.0	0.0	0.0	0.0	0.0	0.0	0.0	0.0	0.0	0.0	0.0	0.0	0.0	0.0	0.0	0.0	0.0	0.0	0.0	0.0	0.0	0.0	0.0	0.0	0.0	0.0	0.0	0.0	0.0
CC9902	0.0	0.0	0.0	0.0	0.0	0.0	0.0	0.0	0.0	0.0	0.0	0.0	0.0	0.0	0.0	0.0	0.0	0.0	0.0	0.0	0.0	0.0	0.0	0.0	0.0	0.0	0.0	0.0	0.0	0.0	0.0	0.0	0.0	0.0	0.0	0.0	0.0	0.0	0.0	0.0	0.0	0.0	0.0	0.0
CCMP1375	0.0	0.0	0.0	0.0	0.0	0.0	0.0	0.0	0.0	0.0	0.0017576544443760297	0.0	0.0	0.0	0.0	0.0	0.0	0.0	0.0	0.0	0.0	0.0	0.0	0.0	0.0	0.0	0.0	0.0	0.0	0.0	0.0	0.0	0.0	0.0	0.0	0.0	0.0	0.0	0.0	0.0	0.0	0.0	0.0	0.0
GEYO	0.0	0.0	0.002617750967463219	0.0004957344563546709	0.0007875437232622396	0.0	0.00021160438068151187	0.0	0.0	0.0	0.0005264512212923097	0.0015145130091386335	0.0002005122155651423	0.00077901128855734	0.00014419814651280447	0.00044283336118429293	0.00048378904776781134	0.0	0.0014658722823017636	0.0020955659635233594	0.0014223568653067755	0.0017218518857626884	0.0018464488285299904	0.00035153630984186647	3.2428672920564684e-05	0.0	0.0007696256103819504	0.0017030793881399203	0.002162118954221577	0.0034693609924194785	0.0025529251492607758	0.000964165121653663	0.0030042702595951746	0.0013421519790807186	0.00044709957853674283	0.0012909603666902904	0.0005392515852576422	0.004169800840284469	0.0009556382506497078	0.00047781634347438163	0.0	0.0	0.0006689428808641343	0.0016706507152193556
GP2	77.17229131090036	40.69292298191719	26.955264611293234	30.952602822448725	72.57686450847085	67.62004087960565	87.49258011774766	69.1062096154653	62.23191037056221	44.39112182232813	62.75947581428654	51.998007091797135	0.0	0.0	0.031966898433041874	7.461740983549745	0.24838592019006972	9.558508753443785	0.04968291684699354	0.2317476750633261	0.05820621935847909	0.051346121409413165	0.0047524424759844315	1.4990666961261465	7.307194199835365	9.42366657767535	1.9034965503936536	0.35427741855137246	0.0	0.0	0.0	1.5214066126987238	0.0	2.2102238068060505	0.0	0.0	0.0	0.00108594717550615	0.0	3.6357864754626115	7.851216348989594	4.3589866579805765	0.0	0.0
HIMB2401	0.005440259060427996	0.0012132043547426153	0.010022336473705915	0.006369058077441747	1.44984574274397	0.154403232519186	0.27600293498901246	0.03760880226798393	0.0074522813819109975	0.2160158986856098	0.33439392319717925	1.8605170635441375	1.591073342605214	2.1280530584166177	4.740810012952394	0.7933647271381329	6.015057852410384	0.5462447182696718	24.69357426708418	44.07999402742766	20.30093916795145	18.273415618436097	29.067207699544312	5.6175921489912914	1.287015290411258	0.3055633131331956	10.909720094819335	38.00321314905059	15.479688945766181	31.13598366987256	13.150699625923894	10.46432259575703	15.999299496234315	11.511365040259593	12.525479838918029	10.117093995286417	18.696556935343633	40.92521273952682	14.289282536492765	10.003302673005093	3.5906209017230752	1.9170841853712468	8.778054489778887	11.533459399731003
KORDI100	0.0022286793593374416	0.0	0.0	0.001746807968598008	0.5997652777142378	0.0007651115561064883	0.121078222285358	0.05673295507495936	0.0007027521622484331	0.005109105137597224	0.22043590247836384	0.10855351500202427	0.0	0.0	0.0	0.01848251455719354	0.0	0.0	0.0	0.0	0.0	0.0	0.0	0.0	0.17517513657927575	0.06485130215622245	0.0	0.0	0.0	0.0	0.0	0.0	0.0	0.0	0.0	0.0	0.0	0.0	0.0	0.03325302349188216	0.014630459734572814	0.00032768865844321393	0.0	0.0
KORDI49	0.0	0.0	0.0	0.0	0.00034186540171311693	0.0	0.0	0.0	0.0	0.0	0.0	0.0	0.0	0.0	0.0	0.0	0.0	0.0	0.006352732732981371	0.0061059013234179395	0.0018902146188738477	0.001713866162469138	0.0019983861447969427	0.0	0.0	0.0	0.00012838633442474219	0.009788021930806972	0.020328475583037447	0.024799573962630786	0.013260581532557351	0.0020633464935359267	0.01009425581981528	0.0008839704162264236	0.004088036117298749	0.002648821176125589	0.007800369341863321	0.033867170052722176	0.003795728476723053	0.0	0.0	0.0	0.0004655694922748797	0.0030440601419179777
KORDI52	0.0019895354559884212	0.0	0.00016171279335119233	0.0013209136341522877	0.32222220972794935	0.015878253332183324	0.04295335248213586	0.0022422422191007915	0.0	0.0026622040757677155	0.05906249601879104	0.2412261168128466	0.0010713409927630253	0.006798271555473745	0.025921452152691878	0.060265565422295886	0.035330747412179266	0.02198249389063824	0.1858910287106079	0.3499442506803923	0.1618437212849594	0.1597411822004851	0.23714610589612314	0.04317955339809578	0.09313790043649044	0.0312037974748633	0.1000185175404273	0.3148984177646461	0.24743893983980633	0.3688343422130433	0.20423400468627587	0.12817246969359125	0.18664560997478102	0.13172974319053998	0.09808062467033392	0.1025551178950066	0.19261841358456186	0.5385613528666459	0.13052934064538052	0.09274789851665789	0.01759567808139565	0.0032001851642505163	0.055727614083779055	0.10262066141031596
MED4	3.7527636299990244	2.171261613415874	1.1031838802775846	2.4589441638106195	4.737768626060443	6.36361418535054	3.34782694842284	2.89576344041164	1.1909288310448833	1.339168275097608	2.0814956176658104	1.1240622938677791	0.0	0.0	0.0	0.31841202655388795	0.0	0.420224462692906	0.0	0.0	0.0	0.0	0.0	0.003532785072690954	0.24410689014273135	0.3616671268631628	0.009862671826808583	0.0	0.0	0.0	0.0	0.002163757299494604	0.0	0.00135928343173379	0.0	0.0	0.0	0.0	0.0	0.006959240813180146	0.024015109672074316	0.007153434946440696	0.0	0.0
MIT9107	25.732362576125094	14.182582199072984	9.315683148347196	12.070135332442263	28.54387745352446	26.395062712288507	29.410693582533668	23.254022722179748	18.695273819863385	15.336071410349147	24.631480882703112	19.796238507193348	0.0	0.0	0.0033847066421018378	2.8433293239719832	0.044315625268773105	3.5591658522396954	0.00884243865804281	0.04449371149937205	0.007145691695368067	0.008984905941974052	6.706130874261811e-05	0.4538254612745684	2.5951822014839454	3.438415358813571	0.6037445001252852	0.09292981419807371	0.0	0.0	0.0	0.35974686877586914	0.0	0.5660021472210575	0.0	0.0	0.0	0.0	0.0	0.9479373037745071	2.184632773604399	1.1559013946418564	0.0	0.0
MIT9201	52.65066726818893	28.563373689414714	18.780494919764337	22.145057227478212	48.9422640556479	49.23336522901383	60.2461199178842	49.88864462505187	42.207665030597056	30.58514791115872	43.424236907080505	35.33268393083838	0.0	0.0	0.008626341092939535	5.059776474111797	0.11380167091250136	6.411721227398794	0.012119316735049937	0.09834707186802155	0.011803646052172054	0.012211358602697684	0.0	0.9376856571221344	5.146481144672307	6.605091808583335	1.2983042372181315	0.17696525809298086	0.0	0.0	0.0	0.9306830270606714	0.0	1.329571186706137	0.0	0.0	0.0	0.0	0.0	2.256496936337127	5.053169202334899	2.802432246588801	0.0	0.0
MIT9202	44.51993883193999	23.437933905528737	15.779170262436535	17.831547392156963	38.7659119066417	37.953025308784255	47.62461322947779	39.013853113734065	35.10345401401374	24.343658399173556	33.339502137728736	28.324262892395637	0.0	0.0	0.007154071577391945	3.853044945691334	0.07042892412298611	4.839402482491584	0.007403715636089554	0.06031318479582126	0.0068854711441835555	0.012007289635293012	0.0	0.6657995287268822	3.7850642699753148	4.967457962162484	0.8929499435862538	0.11262708072833151	0.0	0.0	0.0	0.7182310599413155	0.0	1.0812634912824288	0.0	0.0	0.0	0.0	0.0	1.857412242718534	4.253216886057996	2.2488945327343273	0.0	0.0
MIT9211	0.0	0.0	0.0	0.0	0.0	0.0	0.0	0.0	0.0	0.0	0.0025600262813665346	0.0	0.0	0.0	0.0	0.0	0.0	0.0	0.0	0.0	0.0	0.0	0.0	0.0	0.0	0.0	0.0	0.0	0.0	0.0	0.0	0.0	0.0	0.0	0.0	0.0	0.0	0.0	0.0	0.0	0.0	0.0	0.0	0.0
MIT9215	41.55498536944225	21.990582665477092	14.527316966260292	16.369204533250926	36.10547004091883	35.265065883628395	44.34668802851564	36.262544217586985	32.360837533182924	22.66125524807595	31.727255716512584	26.81060357677117	0.0	0.0	0.004012986005342551	3.5268281858010435	0.0514731174245432	4.5197098414088295	0.01057234921119972	0.04235655711333967	0.007287536628957932	0.009413099716199242	0.00019206846129129378	0.614301073056379	3.55436748064471	4.66227822869145	0.8162936580539859	0.10812316168118422	0.0	0.0	0.0	0.6222139183284386	0.0	1.0073695315721312	0.0	0.0	0.0	0.0	0.0	1.7261859530056667	3.9010423610326357	2.0912434176424615	0.0	0.0
MIT9301	176.77253183174457	91.75580415048947	60.49966820218654	65.66915069899815	154.2522979179878	141.50524005671107	193.1256368157861	154.04742808503468	144.17168647661526	96.14096315559293	131.46397378446642	110.60371808536479	0.0	0.0	0.18014479240612222	15.502018570457512	0.7006362113845462	19.82299760462816	0.23076134987375788	0.7111159418932056	0.262106185860919	0.24985885628204374	0.031516543369904865	3.4175285005995057	15.887521228523973	20.676704629616268	4.391564221628765	1.0413680549201154	0.0	0.0	0.0	3.8576313073661725	0.0	5.572220663228782	0.0	0.0	0.0	0.001037711309859279	0.0	9.056616158295453	19.220439262732395	11.039868437214212	0.0	0.0
MIT9302	59.56764918764877	31.582886016915214	20.700424640770418	27.244397372155557	69.59547188181595	60.91365310494861	69.64051079247602	54.04166977569966	45.72819015494192	36.99300292385886	60.33214153133854	48.8910735476039	0.0	0.0	0.027331937358398232	7.236802916071204	0.22587439346587382	8.928495244158343	0.05046011109310445	0.199646629313218	0.05175360896099046	0.05357271748248881	0.00042396392619607005	1.2969206120847314	6.36942942606281	8.342777067129942	1.7075914229156315	0.33708133373807675	0.0	0.0	1.142937894069957e-05	1.092345665453243	0.0	1.6335720298689933	0.0	0.0	0.0	1.142937894069957e-05	0.0	2.6273802857983894	5.628082299678497	3.1913369405563428	0.0	0.0
MIT9303	0.0	0.0	0.0	0.0	0.0	0.0	0.0	0.0	0.0	0.0	0.0	0.0	0.0	0.0	0.0	0.0	0.0	0.0	0.0	0.0	0.0	0.0	0.0	0.0	0.0	0.0	0.0	0.0	0.0	0.0	0.0	0.0	0.0	0.0	0.0	0.0	0.0	0.0	0.0	0.0	0.0	0.0	0.0	0.0
MIT9311	61.171275761461914	32.652524022382124	21.539591955975364	28.699352243185515	72.48423090168015	62.86745102834015	69.24921394601179	54.74242941840276	45.87189817953639	37.43875909245417	61.84993072398637	50.994764855482266	0.0	0.0	0.027147092668805536	7.205400905733082	0.21439670360705546	8.924676081570983	0.04243522334325197	0.17807997729852915	0.042339968928230665	0.04774171538062148	0.0025527077109077077	1.3243861650384858	6.328310069410888	8.316090321335679	1.7080042022863087	0.3318327927562213	1.1678504706702772e-05	0.00013547065459775214	0.0	1.0772224984519894	0.0	1.5735631192479864	0.0	0.0	0.0	0.0007964740209971291	0.0	2.5162628627815162	5.519887276561464	3.151972741161888	0.0	0.0
MIT9313	0.0	0.0	0.0	0.0	0.0	0.0	0.0	0.0	0.0	0.0	0.004028091843213602	0.0	0.0	0.0	0.0	0.0	0.0	0.0	0.0	0.0	0.0	0.0	0.0	0.0	0.0	0.0	0.0	0.0	0.0	0.0	0.0	0.0	0.0	0.0	0.0	0.0	0.0	0.0	0.0	0.0	0.0	0.0	0.0	0.0
MIT9314	226.22841533057309	113.40567122112341	75.35685960252103	82.19274665933598	201.15612234399052	179.01120394758385	249.087540086058	193.30331385692207	188.37697278727543	121.36294606208271	164.20512532046146	142.83140048076865	0.00011219595181638488	0.0	0.23418313323132378	19.23395303220396	0.8511513120333467	24.698720438372973	0.2920833842360214	0.8951022188804287	0.3187540560010913	0.32439295883495495	0.05133499843137169	4.085650729877001	19.550492645343	25.453801436819642	5.258671064001524	1.1927645900599513	0.0	0.0002602310937784968	0.0	4.799177507064259	9.448080152958726e-06	6.686786180936626	0.0	9.448080152958726e-06	0.0	0.009361748575812725	0.0	11.21105860360649	24.131068144569827	13.811425319200461	0.0	0.0
MIT9321	78.61270732655535	41.17420781702668	27.607004508859255	30.8940884091311	70.77672512520114	66.8276835873944	86.7037937379497	69.15953722129554	63.27779982311389	44.34409588038702	61.8144240970875	53.337149303562754	0.0	0.0	0.03548213099623659	7.221459659482631	0.20388874427599615	9.140178525653608	0.051165818421879006	0.20859914745023259	0.04913483686423696	0.04414354484759517	0.004263264318983567	1.3951485209550902	7.118709271278871	9.192185134196432	1.8182369858099254	0.34138803139226254	0.0	0.0	0.0	1.4955547146712522	0.0	2.10200743987841	0.0	0.0	0.0	0.0	0.0	3.538762278378418	7.853477337353229	4.329624936377756	0.0	0.0
MIT9515	1.7914091095152427	1.0296816390226669	0.49249897050558583	1.123614292115615	2.0752049671670543	2.8659993355276536	1.6791979885322972	1.3963056149479027	0.49959269534828865	0.6188122151212906	1.129338385429077	0.5287796080818581	0.0	0.0	0.0	0.1335789166657368	0.0	0.18561284500168787	0.0	0.0	0.0	0.0	0.0	0.0008074276394573742	0.09996625937705907	0.1635823309116403	0.001738083390447935	0.0	0.0	0.0	0.0	0.0	0.0	0.0	0.0	0.0	0.0	0.0	0.0	0.0	0.002195782595224906	0.00010562289341007032	0.0	0.0
MITS9508	0.0	0.0	0.0007065121397807095	0.00019181325061919715	0.00035005918238003485	4.795331265479929e-05	9.270973779927862e-05	0.000472340129649773	0.0	0.0	0.0	0.00033966929797149493	0.00015584826612809768	0.00020220313502773699	0.0	0.0	0.0	0.0	7.912296588041882e-05	0.0007352841273735891	0.0006409759458191504	0.00024456189453947637	0.0009318927092582662	0.00029890898221491554	0.0	0.0	0.0003156926416440953	0.0007185004679444093	0.0006233930645123907	0.001607235195813356	0.0008375845277038275	0.0006321845051657706	0.0009886374625664453	0.0	0.00016863581616937748	0.0008463759683572075	0.00048113157030315283	0.0027341380432011394	0.0005746405299800116	0.0006529642739828503	0.0	0.0	0.0002437626726618964	0.000334873966706015
MITS9509	0.0	0.0	0.0	0.0	0.0	0.0	0.0	0.0	0.0	0.0	0.0	0.0	0.0	0.0	0.0	0.0	0.0	0.0	0.0	0.0	0.0	0.0	0.0	0.0	0.0	0.0	0.0	0.0	0.0	0.0	0.0	0.0	0.0	0.0	0.0	0.0	0.0	0.0	0.0	0.0	0.0	0.0	0.0	0.0
N19	0.0022936257319235943	0.0	0.0	0.000752517153296465	1.1488492651962956	0.10649233497551089	0.20955278950698397	0.015819605203102254	0.0006785515680497516	0.16182246777963985	0.262462593168099	1.5576571720328647	1.2797597041677422	1.7305328500435382	3.90240318199074	0.6185520449877289	4.968589928849627	0.44197012448422063	21.15517853869696	38.29505315663294	17.851896097223992	15.88975193448245	25.148885462109853	4.91020935095207	1.0846798390806887	0.23342007104897636	9.574391763919492	32.992776432523115	14.441564960215146	29.120994329778913	12.11987172321811	9.851474933200649	14.915858630208547	10.682240946194362	10.957127256989857	9.011638945987372	16.667601095507788	36.36633269809129	12.317105578632496	9.819907400369246	3.47647004913338	1.8259721972484195	8.012773042453293	10.722544609812994
N26	0.004411544572074388	0.0004541825701091448	0.007579092133182132	0.004594473497762196	1.292007214623265	0.11612080752015325	0.231512195833972	0.026115256382444486	0.0033032620530793525	0.16401002967664685	0.28689232915110213	1.6617648200013666	1.3888949546172868	1.8331464290424846	4.2205525346005395	0.6441867815828018	5.350392478421174	0.4449742901821604	21.99287706098339	39.385077387698765	18.094592881565422	16.3901249034305	26.07738938662602	5.069075850998624	1.1482511311608035	0.25981084246788927	9.785596781926582	33.94741090371978	14.624360843983938	29.51319713864374	12.456777181082948	9.881455573568982	15.158803476875732	10.95736938918236	11.580392282453774	9.31319648741386	17.403156418546995	38.24543876400637	13.13066025852253	9.285429817745134	3.320354327802188	1.7514738099362592	8.311704520374901	10.88642649193061
N32	0.022865374244385183	0.0022815462181365645	0.011896240381368904	0.015592669259546063	2.1439356266988647	0.281918549818577	0.4559037906337641	0.09555726718030366	0.02240574418139051	0.3920811825777388	0.5948543832577342	2.961783043943151	1.432344077015835	1.9435830633699414	4.195479000182975	1.466791255605464	5.382680922095641	1.04926420290266	23.666073477407057	43.300070823437686	20.04707574923904	17.985685188593557	28.104389282980634	5.773334100367827	1.8588890217874732	0.5995854903037826	11.096749777493883	36.7719773627944	16.11644092614694	31.547695017701415	13.80623070448534	11.455055631095485	16.40976788910189	12.461011146650472	11.706260369302125	9.663219127731786	17.953585061997458	39.250594027082315	13.293097922893134	13.141927302827996	4.626821054654779	2.527775877622002	8.950631243810319	11.781642841454698
N5	0.006568821051530148	0.0	0.0	0.004771210176359245	1.3898780718798596	0.14227488050062415	0.2672819271920408	0.046398484828252325	0.006302500956597793	0.2171667689406915	0.3334420997637688	1.8726036249336155	1.5235119834215418	2.0612605417073273	4.519663697679502	0.7716109611694195	5.720699730818392	0.5618582695359511	24.59714524450061	45.419323149963446	21.13870271008797	18.655586036437086	29.433042824180067	5.892031340210171	1.3624986051973371	0.3184781854516558	11.497206402151772	39.145286328881674	17.002715406391324	34.6683431423172	14.4208064154996	11.933239525792875	17.92942549077896	12.847545100410546	12.741849388823894	10.632002118100793	19.43358507537834	42.62263929670845	14.220383330268696	12.708734565511769	4.435687794044656	2.373645559053093	9.743305774023955	12.882499625445469
NATL1A	0.0	0.0	0.0	0.008745250328998895	1.4299576571199886	0.0	0.0	0.0	0.0	0.0979424853345212	2.4817342059011027	1.729242544932688	0.0	0.0	0.0	0.0006585400253441381	0.0	0.0	0.0	0.0	0.0	0.0	0.0	0.0	0.0	0.0	0.0	0.0	0.0	0.0	0.0	0.0	0.0	0.0	0.0	0.0	0.0	0.0	0.0	0.0	0.0	0.0	0.0	0.0
NATL2A	0.0	0.0	0.0	0.006914729671034599	1.3645510486513581	0.0	0.0	0.0	0.0	0.08524037254455971	2.403864378252384	1.6579918652798922	0.0	0.0	0.0	0.0	0.0	0.0	0.0	0.0	0.0	0.0	0.0	0.0	0.0	0.0	0.0	0.0	0.0	0.0	0.0	0.0	0.0	0.0	0.0	0.0	0.0	0.0	0.0	0.0	0.0	0.0	0.0	0.0
PAC1	4.345079713203014e-05	0.0	0.0	0.0018550892090557754	1.2420712654941206	0.00038997090425997046	0.00011948969211308288	0.00017380318852812057	0.0001238347718262859	0.07853211623845707	2.372564778318963	1.5154549831403814	0.0	0.0	0.0	6.734873555464671e-05	0.0	6.30036558414437e-05	0.0	0.0	0.0	0.0	6.843500548294746e-05	0.0	0.00018357961788282733	0.0	0.0	1.846658878111281e-05	0.0	0.0	0.0	8.255651455085726e-05	0.0	0.0	0.0	3.9105717418827124e-05	0.0	0.0	0.0	0.0	0.0	0.00011079953268667684	0.0	3.801944749052637e-05
PCC6307	0.0	0.0	0.0	0.0	0.0	0.0	0.0	0.0	0.0	0.0	0.0	0.0	0.0	0.0	0.0	0.0	0.0	0.0	0.0	0.0	0.0	0.0	0.0	0.0	0.0	0.0	0.0	0.0	0.0	0.0	0.0	0.0	0.0	0.0	0.0	0.0	0.0	0.0	0.0	0.0	0.0	0.0	0.0	0.0
PCC7001	0.0	0.0	0.0	0.0	0.0	0.0	0.0	0.0	0.0	0.0	0.0	0.0	0.0	0.0	0.0	0.0	0.0	0.0	0.0	0.0	0.0	0.0	0.0	0.0	0.0	0.0	0.0	0.0	0.0	0.0	0.0	0.0	0.0	0.0	0.0	0.0	0.0	0.0	0.0	0.0	0.0	0.0	0.0	0.0
RCC307	0.0	0.0	0.0	0.0	0.0007505043755883115	0.0	0.0	0.0	0.0	0.0	0.10864348886206715	0.02034423600115607	0.06204755187716315	0.060732865774887346	0.8340108152340369	0.062127141120462935	0.7045157369823165	0.012493096137246713	5.413729384566307	6.028446860037102	2.535832736686223	3.5924651305551856	7.5179533617825225	0.7648281747422565	0.010648462067130266	0.0009078381143559842	1.1299927426918346	5.482521867256693	3.3421046390506235	7.5713655144493295	2.8700066394982886	0.5282817128327562	2.0317809971443985	0.5853619978171372	1.3952681414550263	0.9172254004066738	3.8870681554317548	7.950536808296956	3.800536169350617	0.002275837420802786	0.0	0.0	0.6186883647861977	0.8299226438966655
RS9916	0.0	0.0	0.0	0.0	0.0	0.0	0.0	0.0	0.0	0.0	0.0	0.0	0.0	0.0	0.0038902596560736547	0.0	0.0031325119632456965	0.0	0.03993519344384158	0.11835939628533743	0.04093056814422008	0.031067710950811393	0.03692896436477062	2.3265649057197096e-05	0.0	0.0	0.0023129924692601466	0.1643834047799507	0.24038763868743854	0.3851948999310756	0.15989969771162196	0.04022007084006154	0.13046058586530065	0.028750605549697973	0.0742910777187022	0.06447040894075104	0.21462986770712383	0.6980144958332872	0.0758563304598865	9.831120768150386e-05	0.0	0.0	0.03652942285147879	0.18073175134459882
RS9917	0.0	0.0	0.0	0.0	0.0	0.0	0.0	0.0	0.0	0.0	0.0	0.0	0.0	0.0	0.0	0.0	0.00021892992310002915	0.0	0.0027114819097724457	0.005029973003520811	0.0017212688300267307	0.001972690119805916	0.00262490148621305	0.0	0.0	0.0	0.0007279613344068107	0.004373956838189275	0.005764123169676032	0.010139654783511021	0.006496726127894151	0.0034990107497577094	0.005077162845602443	0.003953889883265897	0.002676669731187635	0.0044830349977550135	0.004810269476452231	0.013965098840288785	0.00459056594938365	0.000772056760614237	0.0	0.0	0.0019463875848751706	0.003722582296669047
SB	246.44548762777492	122.0182840036741	81.21522714783033	87.35250004846218	212.2239349890442	190.9704647693277	269.9864641003389	214.70436424612487	209.84422052505715	130.0230373810293	172.80386801637002	149.91517756544795	0.0	0.0	0.25902531875970647	20.263641520341082	0.8955240816437408	25.990754853754645	0.31971612583865644	0.9125249343640799	0.31540316631153986	0.3399975300415915	0.05470444544855558	4.396966028354432	20.83940958422828	27.504528206401933	5.587731920941343	1.2450273868136383	0.0	0.0014037089905698768	0.0	5.2020512666303285	0.0	7.22680253921656	0.0	0.0	0.0	0.011706038237385424	0.0	12.290746793104052	26.48500876511297	15.219511718707945	0.0	0.0
UW105	0.0007188354962211361	0.0	0.003964874028843149	0.0005255920626135713	0.0009391480489332625	0.0003541543082846811	0.0012564582784367346	0.0	8.947847704007866e-05	0.00023535095221466064	0.0008797463708982524	0.0014752669911986078	9.098231699033209e-05	0.0009135827697789544	0.0007534238150769649	0.00015940703472686282	0.0007413930954749374	0.0	0.003227992453218972	0.002514343167009054	0.0033046882906818966	0.0027053308406912386	0.0040633755455847485	0.00032332558930448586	0.0001586551147517361	0.0	0.001862505778388864	0.005508291368699861	0.007294822744147767	0.010022024299751088	0.005749180129818835	0.004370158895436447	0.004943873836458128	0.004845469818630515	0.0018489712188365834	0.002828722946426688	0.0035346395801771078	0.008864752390034128	0.0016008376270447685	0.001310596516645858	0.00023384711226440727	0.0	0.002162521848464422	0.005584509655266086
UW106	0.0	0.0	0.0	0.00013190491650364166	0.011380226333175779	0.00016970693525773412	0.0005702682156130082	0.0	0.0	0.0	0.0	0.005997751193546027	3.062941401001445e-05	0.0	2.9759036040455736e-05	0.0	0.0	0.0	0.00762024026055538	0.01820650413569013	0.006556149396924546	0.005233972767033718	0.010681999490147455	0.0	0.0006944259998058392	5.710517726682048e-05	0.002792483371046532	0.015393960668880772	0.008369056280100358	0.01852565253354547	0.00519710725711646	0.003453210455313167	0.006186792636212748	0.00525844518936724	0.0019316265577800232	0.001135573336144127	0.004280821551446229	0.03708527634051001	0.0033719818019813147	0.0037413474291747	0.0	0.0	0.0009242121780789837	0.0027099380007573146
UW140	0.0005647798120600387	0.0	0.004511585331154996	0.0004701570163222312	0.001326036096851315	0.0007355443887431133	0.0006571848860227415	0.00024321015466983347	0.0	6.653165325314593e-06	0.0012921925542944343	0.0012020052021068362	0.0007081924868501534	0.0002136405310017686	0.0009580558068453013	0.0	0.0009713621374959306	0.00026169116946237397	0.0025119237292765386	0.0033787456953453237	0.0017398282351087343	0.0024408302218686135	0.004439886106266844	0.0007473722382103392	0.0	0.0	0.0024040104042136723	0.004418402391138084	0.00916055178027613	0.008343808558536201	0.006664972196043265	0.002430882999230975	0.004943166737285508	0.0024073115740329025	0.002576251706377309	0.0040173793384618755	0.0039061472865513677	0.011547229578746513	0.0027816921184595517	0.0012330533069583045	0.000617081545272524	0.0	0.0022347243087140014	0.006161981255993406
UW179A	0.010774943710174028	0.006635413617804755	0.08074698818401663	0.03554606445409906	0.01705455003294815	0.012368050503523829	0.015516860785490385	0.012699180956461026	0.018352200167765755	0.0060219076568879615	0.020959273472898308	0.0044788939236269755	0.019012798270671896	0.022211793638309458	0.026841866876401114	0.008325498269200267	0.024350561753659045	0.010141161965900711	0.007541283293572086	0.014368989824500014	0.009517845142069471	0.015357924806276334	0.011739024505900416	0.010552564150779882	0.007891858128381682	0.006582434958066735	0.01708071233405334	0.017845305583852625	0.010963966335659053	0.011655959199891427	0.014155767070492686	0.014123718251638823	0.008093961904419304	0.010489774628127417	0.013411449604049924	0.014484758006890495	0.007927831292401323	0.024280577598202648	0.00789839870365798	0.009954755570526205	0.009755922082126733	0.005112113635954851	0.008828468507947617	0.01460248836186387
UW179B	0.0010049935298728848	0.00013424315174745356	0.006555014133268305	0.0020160162730073466	5.685592309303915e-05	0.0012587269640320059	0.0004959099958670637	0.00014924679811922776	0.005548980160760918	0.00026058964750976275	0.000950757380611377	2.6052258395880973e-05	0.052014348895658924	0.02578918893911667	0.0911958921225556	0.00028743827785925345	0.08893154277158154	0.0005732972245214781	0.04161579504224952	0.09129953088211976	0.044618842502300665	0.0390221563350087	0.05734035240292509	0.011284337794117116	0.00021873737078849782	0.00019899573082563703	0.021248483271332597	0.08481045593229264	0.07743692977886546	0.12716127780523231	0.07580563959478662	0.04922297705200772	0.06761450444346255	0.04687796047481916	0.039354170498875414	0.043243736347394424	0.07269281219687662	0.1605769413033158	0.04720077833155625	0.05737588337356418	0.017579296988651412	0.008222102514161144	0.04253339498388783	0.05983856529319512
UW69	0.000576507867473094	0.0	0.0027603264122432495	0.001841622354427939	0.03212700519904588	0.0008807759086394493	0.0022935517320224015	0.000811662392363435	0.0	0.0006650068822167707	0.0031322210352801175	0.019167269777782596	0.0019267701058414501	0.0037213419866866234	0.0035349384471272467	0.0024284274287796957	0.007279801337557071	0.00046272341994550964	0.03031981626532105	0.06279677831371827	0.02649800120486501	0.02488897982357228	0.03451783313536109	0.006293660893470227	0.007515098107011793	0.0008167194789202165	0.014146019576904856	0.056325976255620934	0.042033038721630396	0.06763797250085743	0.03557296265250434	0.02373275268597924	0.043661126460766184	0.02662409587728238	0.013547709638179622	0.0150465695210294	0.03158402336429126	0.10598234921155543	0.01584262338304635	0.016053344913365918	0.003475959790775475	0.001283659933178001	0.01075092267603602	0.024401119660309455
UW86	0.014682288861695232	0.0006806711725473686	0.012653336522646733	0.00927357571008376	1.9060500751278249	0.2285061423434894	0.38313584901589615	0.07818298054353441	0.011231054419897931	0.3178774345438416	0.48557737089733005	2.373749971476615	1.7920369617127232	2.4146772413710087	5.298735542516198	1.0578965896559684	6.682529310512553	0.7689493667596127	29.52842125545726	53.94036171516376	24.844891202572157	22.31512493833512	35.05552320959522	7.116162080150799	1.6632364075814268	0.4412688347828811	13.459991763996502	46.22689673284827	19.814102708521638	39.47718927853753	16.76351306290823	13.375725583522911	20.07339516375699	14.736564763574695	14.751904509853127	12.070465797727842	22.37677494056999	48.825246950401414	16.654045182712817	13.88096595603132	4.8494364395584295	2.621454639580574	11.007684276240813	14.613914102675512
WH7803	0.0	0.0	0.0	0.0	0.0	0.0	0.0	0.0	0.0	0.0	0.0	0.0	0.0	0.0	0.0	0.0	0.0	0.0	0.00013686502998401387	0.002954564180707766	0.0006462927164696136	0.003061960493156728	0.0018612839358177224	0.0	0.0	0.0	0.0	0.0026766356057124816	0.08573271414658803	0.06750806809186058	0.060749775772299716	0.02383376204555525	0.03626026088949012	0.0084302276063426	0.0	0.032007132059160476	0.0002576701251282812	0.00875057741843228	0.0006200979404726504	0.0	0.0	0.0	8.194754799161729e-05	0.0002517563845515665
WH7805	0.0	0.0	0.0	0.0	0.00024360760196881628	0.0	0.0	0.0	0.0	0.0	0.0	0.001564417568893492	0.0	0.0	0.000552684746966752	0.0	0.001195199797159505	0.0	0.007189451896386526	0.011004207127557362	0.005351754505752432	0.006250818811768595	0.011943520999891802	0.001159419930620335	0.0	0.0	0.0025837631283817577	0.011310230518076326	0.059340634086567375	0.047042336231513764	0.03985896544773627	0.01122381083263415	0.013758146945891357	0.005203923274474422	0.009986062654400081	0.019853838691466476	0.01335546132164092	0.038729468275341315	0.012816358633123831	0.0011518071930588095	0.0	0.0	0.004507331960555161	0.009971607059156036
WH8016	0.0	0.0	0.0	0.0	0.0	0.0	0.0	0.0	0.0	0.0	0.0	0.0	0.0	0.0	0.0004118515013234521	0.0	0.0012860728515967106	0.0	0.00658946821241444	0.01341810082948575	0.004843429100620174	0.005868980035321399	0.007725708127556849	0.00013800616828741886	0.0	0.0	0.0013520285114399493	0.011740328591937512	0.015400206004435294	0.019495789629812754	0.010073651922165111	0.005961050994917248	0.011995639728233129	0.006051568197055791	0.003527133544278143	0.0033347481621439	0.007626446282196884	0.026449307670771922	0.006406399272755576	0.0020296952132005785	0.0	0.0	0.0021854503276525507	0.005186311983842457
WH8020	0.0	0.0	0.0	0.0	0.0	0.0	0.0	0.0	0.0	0.0	0.0	0.0	0.0	0.0	0.0	0.0	0.0	0.0	0.002116097887079629	0.004180345364284082	0.0016359180043225682	0.0017764401296364496	0.002040200910305821	0.0	0.0	0.0	0.0	0.003530336602805432	0.0067766231341207725	0.008350921810765594	0.002325753892227078	0.00208303385759401	0.0021025716931991484	0.001924476807106154	0.00028705589235242127	0.0025955263146211073	0.001984593224352734	0.005960542769998444	0.000661280589712384	0.0008048085358885946	0.0	0.0	0.0	0.002321245160933584
WH8102	0.009474411008234653	0.00013225553179943783	0.0001560863304506983	0.003942314529762279	0.568854732142537	0.036546275270897	0.05843514286427141	0.010708178051089966	0.00013143406886900654	0.00036474951844728796	0.014382692363227706	0.157073978020968	0.0008551277570249019	0.0002949051920248334	0.01060680879494787	0.004494277740786415	0.009128778226138558	0.002741254313399395	0.09091818171205017	0.08726959589307473	0.03559281337548936	0.05643723855173464	0.04752118747398342	0.0021998923595793443	0.014216720366305181	0.007325373922708293	0.006802544796361673	0.11130064855090098	0.46293199970475496	0.8107880232985548	0.384381290466421	0.037175839501858585	0.23936799734264075	0.06410248323850566	0.07960957994298833	0.08854753331083642	0.192938343316153	0.5965255436913109	0.16065234941384218	0.0009528839619355032	0.0	0.0	0.013579540529892175	0.03128946562925018
WH8109	0.04434520407940122	0.00036371988832662806	0.013720760156317785	0.03393115985242461	2.544895427733446	0.32510617183564683	0.5321308734812424	0.15183051779937404	0.04000711489987708	0.2951816912214274	0.5796405717449044	1.8985908682026518	0.08063671908276789	0.13425370632661987	0.4584566552748659	0.5722329948103837	0.6152339219803397	0.40524236095671484	2.555931052408474	4.838043243945831	2.2682527854915353	1.9683807766210042	3.0809977220966704	0.6412219362551914	0.8437121623275141	0.4226987499471544	1.4270805519943497	4.219617720177404	1.961364291127284	3.8302870273094984	1.6006537305416322	1.4948356798930005	1.9883570330588507	1.560302923758146	1.1436582030042994	0.920633678529256	1.872253122424705	4.527563350835553	1.378779602285904	1.9380535002915555	0.6916157951634859	0.2915241363560293	0.8522325113192037	1.2002279850393394
